2 [11] [3]
2 [111] [7]
2 [11111] [31]
2 [1111111] [127]
2 [1111111111111] [8191]
2 [11111111111111111] [131071]
2 [1111111111111111111] [524287]
3 [2] [2]
3 [12, 21] [5, 7]
3 [111] [13]
3 [1111111] [1093]
3 [1111111111111] [797161]
4 [2] [2]
4 [3] [3]
4 [11] [5]
4 [13, 31] [7, 13]
4 [113, 131, 311] [23, 29, 53]
4 [11333, 13331, 31133, 33113, 33311] [383, 509, 863, 983, 1013]
5 [2] [2]
5 [3] [3]
5 [12, 21] [7, 11]
5 [23, 32] [13, 17]
5 [34, 43] [19, 23]
5 [111] [31]
5 [1132, 1321, 2113, 3211] [167, 211, 283, 431]
5 [1424, 2414, 4142, 4241] [239, 359, 547, 571]
5 [13234, 23413, 32341, 34132, 41323] [1069, 1733, 2221, 2417, 2713]
5 [14444, 41444, 44144, 44414, 44441] [1249, 2749, 3049, 3109, 3121]
5 [1111111] [19531]
5 [11111111111] [12207031]
6 [2] [2]
6 [3] [3]
6 [5] [5]
6 [11] [7]
6 [15, 51] [11, 31]
6 [111] [43]
6 [155, 515, 551] [71, 191, 211]
6 [1111111] [55987]
7 [2] [2]
7 [3] [3]
7 [5] [5]
7 [14, 41] [11, 29]
7 [16, 61] [13, 43]
7 [23, 32] [17, 23]
7 [25, 52] [19, 37]
7 [56, 65] [41, 47]
7 [142, 214, 421] [79, 109, 211]
7 [155, 515, 551] [89, 257, 281]
7 [166, 616, 661] [97, 307, 337]
7 [245, 452, 524] [131, 233, 263]
7 [1165, 1651, 5116, 6511] [439, 673, 1777, 2311]
7 [1253, 2531, 3125, 5312] [479, 953, 1097, 1871]
7 [1325, 2513, 3251, 5132] [509, 941, 1163, 1787]
7 [1444, 4144, 4414, 4441] [571, 1453, 1579, 1597]
7 [1543, 3154, 4315, 5431] [619, 1117, 1531, 1933]
7 [1655, 5165, 5516, 6551] [677, 1811, 1973, 2339]
7 [2326, 2623, 3262, 6232] [853, 997, 1171, 2179]
7 [2564, 4256, 5642, 6425] [977, 1511, 2039, 2273]
7 [2656, 5626, 6265, 6562] [1021, 2029, 2203, 2347]
7 [4555, 5455, 5545, 5554] [1657, 1951, 1993, 1999]
7 [11111] [2801]
7 [11515, 15115, 15151, 51151, 51511] [3001, 4177, 4201, 12433, 12601]
7 [15652, 21565, 52156, 56521, 65215] [4447, 5437, 12781, 14323, 16231]
7 [36644, 43664, 44366, 64436, 66443] [9587, 10973, 11171, 16001, 16691]
7 [125452, 212545, 254521, 452125, 521254, 545212] [23557, 36979, 47251, 79987, 89317, 95461]
7 [141544, 154414, 414154, 415441, 441415, 544141] [27031, 30391, 71089, 71569, 77383, 95089]
7 [14445665, 44456651, 44566514, 45665144, 51444566, 56651444, 65144456, 66514445] [1373027, 3846389, 3865523, 3999461, 4313861, 4937027, 5557523, 5735189]
7 [1255165, 1651255, 2551651, 5125516, 5165125, 5516512, 6512551] [165079, 230977, 332011, 611827, 621241, 676993, 793297]
7 [2546455, 4552546, 4645525, 5254645, 5464552, 5525464, 6455254] [331231, 567601, 583021, 635563, 671533, 679039, 786979]
7 [13416163, 16163134, 16313416, 31341616, 34161631, 41616313, 61631341, 63134161] [1248271, 1561753, 1583497, 2648953, 2973097, 3517279, 5167471, 5319679]
8 [2] [2]
8 [3] [3]
8 [5] [5]
8 [7] [7]
8 [15, 51] [13, 41]
8 [35, 53] [29, 43]
8 [37, 73] [31, 59]
8 [57, 75] [47, 61]
8 [111] [73]
8 [1137, 1371, 3711, 7113] [607, 761, 1993, 3659]
8 [1317, 1713, 3171, 7131] [719, 971, 1657, 3673]
8 [1357, 3571, 5713, 7135] [751, 1913, 3019, 3677]
8 [1775, 5177, 7517, 7751] [1021, 2687, 3919, 4073]
8 [3337, 3373, 3733, 7333] [1759, 1787, 2011, 3803]
8 [137717, 171377, 377171, 713771, 717137, 771713] [49103, 62207, 130681, 235513, 237151, 259019]
8 [155753, 315575, 531557, 557531, 575315, 753155] [56299, 105341, 177007, 188249, 195277, 251501]
8 [17575733, 31757573, 33175757, 57331757, 57573317, 73317575, 75733175, 75757331] [4127707, 6807419, 7142383, 12432367, 12515023, 15572861, 16234109, 16244441]
9 [2] [2]
9 [3] [3]
9 [5] [5]
9 [7] [7]
9 [12, 21] [11, 19]
9 [14, 41] [13, 37]
9 [18, 81] [17, 73]
9 [25, 52] [23, 47]
9 [47, 74] [43, 67]
9 [78, 87] [71, 79]
9 [122, 212, 221] [101, 173, 181]
9 [175, 517, 751] [149, 421, 613]
9 [254, 425, 542] [211, 347, 443]
9 [278, 782, 827] [233, 641, 673]
9 [788, 878, 887] [647, 719, 727]
9 [1288, 2881, 8128, 8812] [971, 2179, 5939, 6491]
9 [1477, 4771, 7147, 7714] [1123, 3547, 5227, 5683]
9 [1772, 2177, 7217, 7721] [1361, 1609, 5281, 5689]
9 [1857, 5718, 7185, 8571] [1429, 4229, 5261, 6301]
9 [2285, 2852, 5228, 8522] [1697, 2153, 3833, 6257]
9 [4555, 5455, 5545, 5554] [3371, 4019, 4091, 4099]
9 [7778, 7787, 7877, 8777] [5741, 5749, 5821, 6469]
9 [12815, 15128, 28151, 51281, 81512] [8681, 10313, 19081, 33769, 53633]
9 [15272, 21527, 27215, 52721, 72152] [10433, 14281, 18401, 34849, 47513]
9 [5758778, 5877857, 7587785, 7785758, 7857587, 8575877, 8778575] [3109823, 3181327, 4073567, 4190183, 4230871, 4597063, 4717103]
9 [55777, 57775, 75577, 77557, 77755] [37087, 38543, 50047, 51487, 51647]
9 [121278, 127812, 212781, 278121, 781212, 812127] [73133, 77933, 126757, 169957, 466733, 480517]
9 [124147, 147124, 241471, 414712, 471241, 712414] [75211, 90499, 145459, 246251, 283051, 421699]
9 [128844, 288441, 412884, 441288, 844128, 884412] [78691, 176779, 244939, 263411, 501659, 528131]
9 [144574, 414457, 445741, 457414, 574144, 741445] [88681, 246049, 266689, 274441, 344209, 440681]
9 [144745, 447451, 451447, 474514, 514474, 745144] [88817, 267913, 270097, 285457, 305113, 443353]
9 [145582, 214558, 455821, 558214, 582145, 821455] [89417, 128033, 273313, 334057, 349313, 486617]
9 [181872, 187218, 218187, 721818, 818721, 872181] [112979, 116819, 130651, 427859, 485371, 519931]
9 [224557, 245572, 455722, 557224, 572245, 722455] [134593, 148457, 273233, 333337, 342833, 428297]
9 [227824, 242278, 278242, 422782, 782422, 824227] [136993, 146033, 170057, 251417, 467633, 488617]
9 [247754, 424775, 477542, 542477, 754247, 775424] [150061, 252869, 287669, 323341, 449269, 463261]
9 [274457, 445727, 457274, 572744, 727445, 744572] [167317, 266677, 274333, 343237, 431933, 442973]
9 [457577, 575774, 577457, 745757, 757745, 774575] [274579, 345451, 346651, 443851, 451859, 462659]
10 [2] [2]
10 [3] [3]
10 [5] [5]
10 [7] [7]
10 [11] [11]
10 [13, 31] [13, 31]
10 [17, 71] [17, 71]
10 [37, 73] [37, 73]
10 [79, 97] [79, 97]
10 [113, 131, 311] [113, 131, 311]
10 [197, 719, 971] [197, 719, 971]
10 [199, 919, 991] [199, 919, 991]
10 [337, 373, 733] [337, 373, 733]
10 [1193, 1931, 3119, 9311] [1193, 1931, 3119, 9311]
10 [3779, 7793, 7937, 9377] [3779, 7793, 7937, 9377]
10 [11939, 19391, 39119, 91193, 93911] [11939, 19391, 39119, 91193, 93911]
10 [19937, 37199, 71993, 93719, 99371] [19937, 37199, 71993, 93719, 99371]
10 [193939, 391939, 393919, 919393, 939193, 939391] [193939, 391939, 393919, 919393, 939193, 939391]
10 [199933, 319993, 331999, 933199, 993319, 999331] [199933, 319993, 331999, 933199, 993319, 999331]
11 [2] [2]
11 [3] [3]
11 [5] [5]
11 [7] [7]
11 [12, 21] [13, 23]
11 [16, 61] [17, 67]
11 [18, 81] [19, 89]
11 [27, 72] [29, 79]
11 [29, 92] [31, 101]
11 [34, 43] [37, 47]
11 [3a, a3] [43, 113]
11 [49, 94] [53, 103]
11 [56, 65] [61, 71]
11 [67, 76] [73, 83]
11 [89, 98] [97, 107]
11 [117, 171, 711] [139, 199, 859]
11 [139, 391, 913] [163, 463, 1103]
11 [193, 319, 931] [223, 383, 1123]
11 [1aa, a1a, aa1] [241, 1231, 1321]
11 [236, 362, 623] [281, 431, 751]
11 [269, 692, 926] [317, 827, 1117]
11 [335, 353, 533] [401, 421, 641]
11 [364, 436, 643] [433, 523, 773]
11 [36a, 6a3, a36] [439, 839, 1249]
11 [3a6, 63a, a63] [479, 769, 1279]
11 [566, 656, 665] [677, 787, 797]
11 [588, 858, 885] [701, 1031, 1061]
11 [7aa, a7a, aa7] [967, 1297, 1327]
11 [1244, 2441, 4124, 4412] [1621, 3191, 5471, 5821]
11 [124a, 24a1, 4a12, a124] [1627, 3257, 6547, 13457]
11 [1459, 4591, 5914, 9145] [1879, 6029, 7759, 12149]
11 [1569, 5691, 6915, 9156] [2011, 7481, 9091, 12161]
11 [1574, 4157, 5741, 7415] [2017, 5507, 7547, 9817]
11 [1875, 5187, 7518, 8751] [2381, 6871, 9941, 11551]
11 [2597, 5972, 7259, 9725] [3373, 7823, 9623, 12853]
11 [2766, 6276, 6627, 7662] [3581, 8311, 8741, 10111]
11 [2777, 7277, 7727, 7772] [3593, 9643, 10193, 10243]
11 [2795, 5279, 7952, 9527] [3613, 6983, 10463, 12613]
11 [2948, 4829, 8294, 9482] [3803, 6323, 10993, 12553]
11 [34a4, 434a, 4a43, a434] [4591, 5741, 6581, 13831]
11 [3538, 3835, 5383, 8353] [4639, 4999, 7109, 11069]
11 [3574, 4357, 5743, 7435] [4679, 5749, 7549, 9839]
11 [37a7, 737a, 7a73, a737] [4957, 9767, 10607, 14197]
11 [3a6a, 6a3a, a3a6, a6a3] [5279, 9239, 13789, 14149]
11 [44a9, 4a94, 944a, a944] [5927, 6637, 12517, 14447]
11 [4779, 7794, 7947, 9477] [6257, 10267, 10457, 12547]
11 [478a, 78a4, 8a47, a478] [6269, 10399, 11909, 13879]
11 [57a9, 7a95, 957a, a957] [7621, 10631, 12671, 14461]
11 [698a, 8a69, 98a6, a698] [9173, 11933, 13063, 14143]
11 [9aaa, a9aa, aa9a, aaa9] [13309, 14519, 14629, 14639]
11 [1989a, 89a19, 989a1, 9a198, a1989] [27697, 130337, 143617, 145307, 148927]
11 [1a989, 891a9, 91a98, 9891a, a9891] [29137, 129347, 134417, 143527, 159457]
11 [36774, 43677, 67743, 74367, 77436] [52837, 63367, 98057, 108247, 112327]
11 [7aaaa, a7aaa, aa7aa, aaa7a, aaaa7] [117127, 157057, 160687, 161017, 161047]
11 [111743, 117431, 174311, 311174, 431117, 743111] [177917, 185527, 269237, 499327, 689597, 1190047]
11 [112157, 121571, 157112, 215711, 571121, 711215] [178537, 192347, 243707, 344257, 909217, 1143587]
11 [112465, 124651, 246511, 465112, 511246, 651124] [178909, 196439, 389269, 738839, 821519, 1040989]
11 [115174, 151741, 174115, 411517, 517411, 741151] [182549, 236479, 268999, 660799, 829709, 1187429]
11 [115334, 153341, 334115, 341153, 411533, 533411] [182747, 238657, 532537, 543227, 660817, 853667]
11 [116364, 163641, 364116, 411636, 636411, 641163] [184111, 253661, 576461, 660941, 1018711, 1026391]
11 [1217a8, 17a812, 217a81, 7a8121, 81217a, a81217] [192629, 277829, 347359, 1284559, 1305919, 1729229]
11 [125366, 253661, 366125, 536612, 612536, 661253] [197423, 400093, 579133, 857903, 984253, 1055783]
11 [125515, 151255, 255151, 512551, 515125, 551512] [197609, 235889, 402139, 823219, 826699, 880409]
11 [12aa64, 2aa641, 412aa6, 6412aa, a6412a, aa6412] [204923, 482593, 662833, 1026563, 1703833, 1765403]
11 [132263, 226313, 263132, 313226, 322631, 631322] [207947, 359747, 414097, 502057, 515857, 1011947]
11 [134777, 347771, 477713, 713477, 771347, 777134] [211229, 551959, 756869, 1146559, 1231589, 1239319]
11 [136977, 369771, 697713, 713697, 771369, 977136] [214133, 583903, 1108253, 1146823, 1231613, 1561423]
11 [137165, 165137, 371651, 513716, 651371, 716513] [214483, 255713, 587753, 824753, 1041283, 1150603]
11 [139347, 347139, 393471, 471393, 713934, 934713] [217367, 551197, 619477, 748487, 1147117, 1499567]
11 [139644, 396441, 413964, 441396, 644139, 964413] [217727, 623437, 663997, 704567, 1030357, 1543127]
11 [141429, 142914, 291414, 414291, 429141, 914142] [221461, 223381, 455701, 664511, 685631, 1469591]
11 [141515, 151415, 151514, 415151, 514151, 515141] [221567, 236087, 236207, 665677, 825397, 826717]
11 [14426a, 26a144, 426a14, 4426a1, 6a1442, a14426] [225257, 423427, 682697, 706267, 1114577, 1630987]
11 [144695, 446951, 469514, 514469, 695144, 951446] [225769, 711899, 744649, 825779, 1104899, 1524529]
11 [145782, 214578, 457821, 578214, 782145, 821457] [227207, 342757, 727717, 918647, 1247317, 1319567]
11 [145a92, 2145a9, 45a921, 5a9214, 92145a, a92145] [227581, 342791, 731831, 963901, 1480621, 1745111]
11 [146228, 228146, 281462, 462281, 622814, 814622] [227873, 362203, 441113, 735043, 999233, 1309123]
11 [147674, 414767, 476741, 674147, 741476, 767414] [229739, 665089, 755569, 1074289, 1187819, 1225019]
11 [14a882, 214a88, 4a8821, 8214a8, 88214a, a88214] [233983, 343373, 802253, 1319623, 1408373, 1738543]
11 [153372, 215337, 337215, 372153, 533721, 721533] [238691, 343801, 536651, 588481, 854041, 1158611]
11 [155336, 336155, 361553, 533615, 553361, 615533] [241313, 535243, 572993, 853913, 882883, 988243]
11 [157169, 169157, 571691, 691571, 716915, 915716] [243769, 261059, 909899, 1100089, 1151089, 1471619]
11 [157989, 579891, 798915, 891579, 915798, 989157] [244759, 920789, 1270879, 1422199, 1471709, 1578749]
11 [157a4a, 4a157a, 57a4a1, 7a4a15, a157a4, a4a157] [244837, 792637, 921647, 1280317, 1632767, 1682567]
11 [15a755, 515a75, 5515a7, 5a7551, 75515a, a75515] [248473, 827843, 880513, 961643, 1207403, 1720273]
11 [162956, 295616, 561629, 616295, 629561, 956162] [252709, 461269, 895189, 989279, 1008239, 1530839]
11 [164226, 226164, 261642, 422616, 616422, 642261] [254491, 359561, 412051, 676891, 989441, 1027841]
11 [16543a, 3a1654, 43a165, 543a16, 6543a1, a16543] [256079, 631679, 701629, 869039, 1045309, 1633789]
11 [167663, 316766, 631676, 663167, 676631, 766316] [259009, 506699, 1012369, 1058339, 1077539, 1223569]
11 [167829, 291678, 678291, 782916, 829167, 916782] [259213, 456013, 1079783, 1248253, 1329863, 1473023]
11 [168862, 216886, 621688, 688621, 862168, 886216] [260581, 345791, 997741, 1094831, 1379111, 1413781]
11 [174933, 317493, 331749, 493317, 749331, 933174] [269987, 507697, 529307, 780347, 1198297, 1497577]
11 [177a75, 5177a7, 75177a, 77a751, 7a7517, a75177] [274147, 830177, 1202827, 1244057, 1283707, 1719857]
11 [182198, 198182, 219818, 818219, 821981, 981821] [281069, 303679, 349709, 1313959, 1320199, 1568909]
11 [18264a, 264a18, 4a1826, 64a182, 8264a1, a18264] [281621, 416501, 792941, 1038391, 1326271, 1636111]
11 [184365, 365184, 436518, 518436, 651843, 843651] [283937, 577867, 696737, 831067, 1041857, 1351747]
11 [188965, 518896, 651889, 889651, 896518, 965188] [289987, 831617, 1041907, 1418297, 1428787, 1544177]
11 [18a783, 318a78, 78318a, 8318a7, 8a7831, a78318] [292427, 509737, 1248697, 1334747, 1445137, 1724027]
11 [18aa86, 618aa8, 8618aa, 8aa861, a8618a, aa8618] [292793, 992923, 1378673, 1449163, 1735843, 1768313]
11 [198892, 219889, 889219, 892198, 921988, 988921] [304537, 349787, 1417777, 1423067, 1481257, 1578347]
11 [199479, 479199, 791994, 919947, 947919, 994791] [305369, 758899, 1261649, 1477219, 1518449, 1587499]
11 [199486, 486199, 619948, 861994, 948619, 994861] [305377, 769547, 994067, 1378777, 1519417, 1587587]
11 [19a975, 519a97, 7519a9, 97519a, 9a9751, a97519] [307301, 833191, 1203101, 1558831, 1608751, 1752221]
11 [1a2736, 27361a, 361a27, 61a273, 7361a2, a27361] [311009, 429329, 573569, 994579, 1179499, 1649539]
11 [1a29a7, 29a71a, 71a29a, 9a71a2, a29a71, a71a29] [311329, 468049, 1155659, 1605419, 1653059, 1715569]
11 [1a6664, 41a666, 641a66, 6641a6, 66641a, a66641] [316243, 672953, 1027483, 1059713, 1062643, 1707113]
11 [1a7885, 51a788, 78851a, 851a78, 8851a7, a78851] [317839, 834149, 1255759, 1364239, 1412429, 1724669]
11 [1a9692, 21a969, 6921a9, 921a96, 96921a, a96921] [320267, 351217, 1100977, 1481387, 1549547, 1751377]
11 [228aa9, 28aa92, 8aa922, 9228aa, a9228a, aa9228] [363361, 453851, 1449241, 1482491, 1745281, 1769171]
11 [232a57, 2a5723, 32a572, 57232a, 7232a5, a57232] [369959, 476039, 526429, 910799, 1160989, 1693309]
11 [235247, 247235, 352472, 472352, 524723, 723524] [372973, 390263, 559583, 749773, 840733, 1161263]
11 [238794, 387942, 423879, 794238, 879423, 942387] [377623, 610733, 678533, 1264733, 1403383, 1511143]
11 [23967a, 3967a2, 67a239, 7a2396, 967a23, a23967] [378817, 623867, 1082387, 1276897, 1547857, 1644947]
11 [242a94, 2a9424, 4242a9, 42a942, 94242a, a94242] [384641, 481001, 679171, 687931, 1511201, 1747891]
11 [244289, 289244, 428924, 442892, 892442, 924428] [386329, 451499, 685249, 706499, 1423369, 1484579]
11 [249877, 498772, 724987, 772498, 877249, 987724] [393697, 787547, 1163147, 1233097, 1400507, 1576777]
11 [25347a, 347a25, 47a253, 5347a2, 7a2534, a25347] [399871, 552271, 760301, 855461, 1277071, 1646861]
11 [2585a3, 32585a, 585a32, 5a3258, 85a325, a32585] [406673, 520123, 930283, 955963, 1375313, 1657793]
11 [264975, 497526, 526497, 649752, 752649, 975264] [416443, 785923, 843113, 1037753, 1204003, 1558913]
11 [267a75, 5267a7, 67a752, 75267a, 7a7526, a75267] [420557, 843487, 1083007, 1204037, 1283717, 1719967]
11 [27332a, 2a2733, 32a273, 332a27, 7332a2, a27332] [428977, 472057, 526067, 530977, 1175627, 1649507]
11 [279779, 779279, 792797, 797792, 927977, 977927] [437501, 1242151, 1262741, 1269391, 1489231, 1562381]
11 [27a336, 33627a, 3627a3, 627a33, 7a3362, a33627] [438301, 535391, 574621, 1006151, 1278191, 1659181]
11 [27a868, 6827a8, 7a8682, 827a86, 86827a, a86827] [438941, 1087061, 1285231, 1328311, 1387231, 1736621]
11 [289729, 292897, 729289, 897292, 928972, 972928] [452087, 457607, 1168957, 1429837, 1490557, 1555727]
11 [2945a3, 32945a, 45a329, 5a3294, 945a32, a32945] [459913, 524963, 731113, 956003, 1515923, 1658233]
11 [295445, 445295, 452954, 529544, 544529, 954452] [461059, 709769, 721219, 847169, 869779, 1528529]
11 [295537, 372955, 537295, 553729, 729553, 955372] [461171, 589451, 858841, 883331, 1169281, 1529761]
11 [2a2a34, 2a342a, 342a2a, 42a2a3, a2a342, a342a2] [472421, 473021, 545621, 687151, 1653511, 1660111]
11 [2a99a3, 32a99a, 99a32a, 9a32a9, a32a99, a99a32] [481693, 526943, 1594933, 1600223, 1658413, 1755503]
11 [354498, 449835, 498354, 544983, 835449, 983544] [562273, 715753, 787043, 870323, 1339523, 1571233]
11 [35a959, 5935a9, 5a9593, 935a95, 95935a, a95935] [570821, 941741, 964351, 1501351, 1535071, 1750061]
11 [364a97, 4a9736, 64a973, 7364a9, 97364a, a97364] [577639, 803479, 1039349, 1179869, 1556719, 1752029]
11 [367845, 453678, 536784, 678453, 784536, 845367] [581333, 722213, 858103, 1079983, 1250453, 1354063]
11 [384477, 447738, 477384, 738447, 773844, 844773] [606173, 712973, 756463, 1182463, 1234853, 1353223]
11 [38a956, 5638a9, 638a95, 8a9563, 95638a, a95638] [614741, 898181, 1022191, 1447471, 1531111, 1749701]
11 [397855, 539785, 553978, 785539, 855397, 978553] [625267, 862097, 883627, 1251787, 1368737, 1563257]
11 [39a955, 539a95, 5539a9, 95539a, 9a9553, a95539] [629381, 862471, 883661, 1529791, 1608511, 1749581]
11 [3a3a87, 3a873a, 73a3a8, 873a3a, a3a873, a873a3] [634861, 641101, 1185071, 1396141, 1668791, 1737431]
11 [455775, 545577, 557754, 577545, 754557, 775455] [724993, 871163, 888683, 917713, 1206553, 1237043]
11 [4584a8, 4a8458, 584a84, 84584a, 84a845, a84584] [728659, 801809, 929009, 1354649, 1361299, 1733659]
11 [467895, 546789, 678954, 789546, 895467, 954678] [742439, 872749, 1080589, 1257119, 1427389, 1528799]
11 [46a788, 6a7884, 78846a, 846a78, 8846a7, a78846] [746303, 1123093, 1255693, 1356253, 1411703, 1724663]
11 [47954a, 4a4795, 54a479, 7954a4, 954a47, a47954] [759329, 796889, 877699, 1266379, 1529249, 1679539]
11 [479849, 494798, 798494, 849479, 947984, 984947] [759691, 782251, 1270361, 1359521, 1518521, 1573051]
11 [484979, 497948, 794849, 849794, 948497, 979484] [767831, 786431, 1265471, 1359901, 1519261, 1564501]
11 [48865a, 5a4886, 65a488, 865a48, 8865a4, a48865] [772771, 958051, 1053401, 1384171, 1414241, 1680761]
11 [48a4a5, 4a548a, 548a4a, 8a4a54, a4a548, a548a4] [775241, 797851, 875731, 1441411, 1683041, 1690121]
11 [556986, 569865, 655698, 698655, 865569, 986556] [887629, 906119, 1046999, 1109509, 1383589, 1575239]
11 [5576aa, 576aa5, 6aa557, 76aa55, a5576a, aa5576] [888623, 917053, 1126693, 1229783, 1691293, 1764263]
11 [575a88, 5a8857, 75a885, 8575a8, 88575a, a88575] [915703, 963343, 1214933, 1371653, 1413103, 1738973]
11 [577699, 699577, 769957, 776995, 957769, 995776] [917893, 1110743, 1228333, 1239023, 1532903, 1588813]
11 [5a9aa9, 95a9aa, 9aa95a, a95a9a, a9aa95, aa95a9] [964973, 1537183, 1610333, 1750253, 1756903, 1769623]
11 [6a86a9, 6a96a8, 86a96a, 96a86a, a86a96, a96a86] [1124209, 1125539, 1390729, 1551659, 1736939, 1751569]
12 [2] [2]
12 [3] [3]
12 [5] [5]
12 [7] [7]
12 [b] [11]
12 [11] [13]
12 [15, 51] [17, 61]
12 [57, 75] [67, 89]
12 [5b, b5] [71, 137]
12 [111] [157]
12 [117, 171, 711] [163, 229, 1021]
12 [11b, 1b1, b11] [167, 277, 1597]
12 [175, 517, 751] [233, 739, 1069]
12 [1b7, 71b, b71] [283, 1031, 1669]
12 [157b, 57b1, 7b15, b157] [2543, 9781, 13697, 19219]
12 [555b, 55b5, 5b55, b555] [9431, 9497, 10289, 19793]
12 [11111] [22621]
12 [115b77, 15b771, 5b7711, 7115b7, 77115b, b77115] [279883, 372613, 1485373, 1765147, 1888919, 2894561]
13 [2] [2]
13 [3] [3]
13 [5] [5]
13 [7] [7]
13 [b] [11]
13 [14, 41] [17, 53]
13 [16, 61] [19, 79]
13 [1a, a1] [23, 131]
13 [23, 32] [29, 41]
13 [25, 52] [31, 67]
13 [38, 83] [47, 107]
13 [56, 65] [71, 83]
13 [58, 85] [73, 109]
13 [6b, b6] [89, 149]
13 [7a, a7] [101, 137]
13 [7c, c7] [103, 163]
13 [9a, a9] [127, 139]
13 [11b, 1b1, b11] [193, 313, 1873]
13 [133, 313, 331] [211, 523, 547]
13 [155, 515, 551] [239, 863, 911]
13 [157, 571, 715] [241, 937, 1201]
13 [17b, 7b1, b17] [271, 1327, 1879]
13 [229, 292, 922] [373, 457, 1549]
13 [247, 472, 724] [397, 769, 1213]
13 [24b, 4b2, b24] [401, 821, 1889]
13 [274, 427, 742] [433, 709, 1237]
13 [296, 629, 962] [461, 1049, 1601]
13 [33b, 3b3, b33] [557, 653, 1901]
13 [34a, 4a3, a34] [569, 809, 1733]
13 [379, 793, 937] [607, 1303, 1567]
13 [386, 638, 863] [617, 1061, 1433]
13 [388, 838, 883] [619, 1399, 1459]
13 [3b9, 93b, b93] [659, 1571, 1979]
13 [3ca, a3c, ca3] [673, 1741, 2161]
13 [4a5, 54a, a54] [811, 907, 1759]
13 [4ba, a4b, ba4] [829, 1753, 1993]
13 [5c8, 85c, c85] [1009, 1429, 2137]
13 [779, 797, 977] [1283, 1307, 1619]
13 [78a, 8a7, a78] [1297, 1489, 1789]
13 [7a8, 87a, a87] [1321, 1453, 1801]
13 [1172, 1721, 2117, 7211] [2459, 3407, 4583, 15731]
13 [12bb, 2bb1, b12b, bb12] [2689, 6397, 24373, 26041]
13 [131c, 1c13, 31c1, c131] [2729, 4241, 6917, 26573]
13 [134b, 34b1, 4b13, b134] [2767, 7411, 10663, 24379]
13 [1378, 3781, 7813, 8137] [2803, 7879, 16747, 17791]
13 [13ba, 3ba1, a13b, ba13] [2857, 8581, 22189, 25873]
13 [142a, 2a14, 42a1, a142] [2909, 6101, 9257, 22193]
13 [1462, 2146, 4621, 6214] [2953, 4621, 9829, 13537]
13 [14b3, 314b, 4b31, b314] [3019, 6823, 10687, 24691]
13 [14cc, 4cc1, c14c, cc14] [3041, 10973, 26597, 28409]
13 [1637, 3716, 6371, 7163] [3257, 7793, 13781, 15629]
13 [1648, 4816, 6481, 8164] [3271, 10159, 13963, 17827]
13 [16b5, 516b, 6b51, b516] [3359, 11243, 15107, 25031]
13 [16c6, 616c, 6c61, c616] [3373, 13441, 15289, 27397]
13 [1763, 3176, 6317, 7631] [3461, 6857, 13709, 16433]
13 [1819, 1918, 8191, 9181] [3571, 3739, 17863, 20047]
13 [1835, 3518, 5183, 8351] [3593, 7457, 11261, 18149]
13 [1859, 5918, 8591, 9185] [3623, 12527, 18539, 20051]
13 [18ac, 8ac1, ac18, c18a] [3691, 19423, 24019, 26647]
13 [1967, 6719, 7196, 9671] [3803, 14387, 15671, 20879]
13 [1a35, 351a, 51a3, a351] [3931, 7459, 11287, 22543]
13 [1b5c, 5c1b, b5c1, c1b5] [4133, 13037, 25169, 26681]
13 [1cb5, 51cb, b51c, cb51] [4373, 11321, 25037, 28289]
13 [223c, 23c2, 3c22, c223] [4783, 5059, 8647, 26731]
13 [2357, 3572, 5723, 7235] [4973, 7529, 12197, 15761]
13 [2434, 3424, 4243, 4342] [5113, 7297, 9181, 9349]
13 [245c, 45c2, 5c24, c245] [5147, 9791, 13043, 26759]
13 [247a, 47a2, 7a24, a247] [5171, 10103, 17099, 22367]
13 [26c9, 6c92, 926c, c926] [5573, 15329, 20201, 27917]
13 [27a4, 427a, 7a42, a427] [5711, 9227, 17123, 22679]
13 [282b, 2b28, 82b2, b282] [5783, 6287, 18059, 24611]
13 [2849, 4928, 8492, 9284] [5807, 10343, 18371, 20219]
13 [29a8, 829a, 9a82, a829] [6053, 18041, 21569, 23357]
13 [2a9a, 9a2a, a2a9, a9a2] [6211, 21499, 22447, 23623]
13 [2ac7, 72ac, ac72, c72a] [6247, 15859, 24091, 27583]
13 [2b79, 792b, 92b7, b792] [6353, 16937, 20261, 25469]
13 [3374, 3743, 4337, 7433] [7193, 7829, 9341, 16097]
13 [33bc, 3bc3, bc33, c33b] [7253, 8609, 26237, 26921]
13 [344c, 44c3, 4c34, c344] [7331, 9623, 10859, 26927]
13 [34ca, 4ca3, a34c, ca34] [7433, 10949, 22541, 28097]
13 [3589, 5893, 8935, 9358] [7549, 12457, 19141, 20353]
13 [35ab, 5ab3, ab35, b35a] [7577, 12821, 23873, 24749]
13 [3695, 5369, 6953, 9536] [7727, 11579, 14771, 20663]
13 [36b9, 6b93, 936b, b936] [7757, 15161, 20369, 25733]
13 [3859, 5938, 8593, 9385] [8017, 12553, 18541, 20389]
13 [38cc, 8cc3, c38c, cc38] [8111, 19763, 26987, 28439]
13 [3a64, 43a6, 643a, a643] [8363, 9431, 13907, 23039]
13 [3aa8, 83aa, a83a, aa83] [8419, 18223, 23371, 23767]
13 [3ca4, 43ca, a43c, ca43] [8753, 9461, 22697, 28109]
13 [3cc4, 43cc, c43c, cc43] [8779, 9463, 27091, 28447]
13 [3cc8, 83cc, c83c, cc83] [8783, 18251, 27767, 28499]
13 [4445, 4454, 4544, 5444] [9521, 9533, 9689, 11717]
13 [4465, 4654, 5446, 6544] [9547, 9871, 11719, 14083]
13 [4469, 4694, 6944, 9446] [9551, 9923, 14759, 20507]
13 [44b6, 4b64, 644b, b644] [9613, 10729, 13921, 25237]
13 [45a6, 5a64, 645a, a645] [9769, 12757, 13933, 23041]
13 [49b5, 549b, 9b54, b549] [10457, 11789, 21701, 25073]
13 [49b7, 749b, 9b74, b749] [10459, 16183, 21727, 25411]
13 [4ab6, 64ab, ab64, b64a] [10627, 13999, 23911, 25243]
13 [557c, 57c5, 7c55, c557] [11933, 12329, 17477, 27281]
13 [55ab, 5ab5, ab55, b55a] [11971, 12823, 23899, 25087]
13 [5758, 5857, 7585, 8575] [12241, 12409, 16333, 18517]
13 [58b7, 758b, 8b75, b758] [12487, 16339, 19531, 25423]
13 [58bb, 8bb5, b58b, bb58] [12491, 19583, 25127, 26099]
13 [59ba, 9ba5, a59b, ba59] [12659, 21767, 22943, 25931]
13 [5bc9, 95bc, bc95, c95b] [13009, 20773, 26317, 27961]
13 [5ca8, 85ca, a85c, ca85] [13151, 18587, 23399, 28163]
13 [6667, 6676, 6766, 7666] [14281, 14293, 14449, 16477]
13 [67cc, 7cc6, c67c, cc67] [14533, 17569, 27481, 28477]
13 [69c8, 869c, 9c86, c869] [14867, 18719, 21911, 27803]
13 [6b6c, 6c6b, b6c6, c6b6] [15131, 15299, 25343, 27527]
13 [7bbc, bbc7, bc7b, c7bb] [17393, 26189, 26297, 27701]
13 [4b5b5b, 5b4b5b, 5b5b4b, b4b5b5, b5b4b5, b5b5b4] [1812263, 2181359, 2183543, 4223627, 4252019, 4252187]
13 [11111] [30941]
13 [12572, 21257, 25721, 57212, 72125] [33893, 59729, 69317, 158537, 204521]
13 [125c5, 25c51, 5125c, 5c512, c5125] [33961, 70201, 145417, 170029, 353917]
13 [13618, 18136, 36181, 61813, 81361] [36187, 46351, 99139, 174931, 231271]
13 [1363c, 363c1, 3c136, 63c13, c1363] [36217, 99529, 112261, 180001, 345517]
13 [27acb5, 527acb, 7acb52, acb527, b527ac, cb527a] [966659, 1930823, 2912951, 4080707, 4232747, 4781111]
13 [16c19, 1916c, 6c191, 916c1, c1916] [43793, 48593, 198017, 260417, 346469]
13 [55776b, 5776b5, 6b5577, 76b557, 776b55, b55776] [2015921, 2072933, 2553857, 2795501, 2814089, 4239293]
13 [1a62a, 2a1a6, 62a1a, a1a62, a62a1] [51581, 79397, 177473, 289577, 299261]
13 [1b3ca, 3ca1b, a1b3c, b3ca1, ca1b3] [53401, 113761, 289717, 322921, 365017]
13 [1bc74, 41bc7, 741bc, bc741, c741b] [54851, 118463, 209039, 341771, 358811]
13 [168b5a, 5a168b, 68b5a1, 8b5a16, a168b5, b5a168] [562169, 2145401, 2481389, 3297209, 3756173, 4249253]
13 [25a8a, 5a8a2, 8a25a, a25a8, a8a25] [69911, 166259, 250871, 290987, 304907]
13 [28786, 62878, 78628, 86287, 87862] [75991, 177211, 218551, 242119, 245299]
13 [29789, 78929, 89297, 92978, 97892] [78191, 219059, 248723, 263063, 273899]
13 [3ab67a, 67a3ab, 7a3ab6, a3ab67, ab67a3, b67a3a] [1424771, 2450303, 2893091, 3822527, 4041599, 4272707]
13 [29ba5, 529ba, 9ba52, a529b, ba529] [78889, 148873, 282973, 297061, 337021]
13 [56bb68, 6856bb, 6bb685, 856bb6, b6856b, bb6856] [2053943, 2468399, 2567219, 3128339, 4274099, 4412999]
13 [2b769, 692b7, 7692b, 92b76, b7692] [82559, 191627, 214667, 263399, 330683]
13 [35539, 39355, 53935, 55393, 93553] [97561, 106033, 150961, 154417, 264553]
13 [3b76a, 6a3b7, 76a3b, a3b76, b76a3] [111121, 193993, 214849, 294157, 330697]
13 [798ccb, 8ccb79, 98ccb7, b798cc, cb798c, ccb798] [2875871, 3341399, 3598667, 4305443, 4786703, 4823723]
13 [455ba, 55ba4, 5ba45, a455b, ba455] [126227, 155783, 168719, 295319, 336887]
13 [4764a, 4a476, 64a47, 764a4, a4764] [130699, 136987, 181903, 213919, 295663]
13 [28b875, 528b87, 7528b8, 87528b, 8b8752, b87528] [996689, 1933133, 2747753, 3181709, 3303341, 4328969]
13 [55c58, 5855c, 5c585, 855c5, c5855] [155891, 161303, 170123, 240479, 355139]
13 [57baa, 7baa5, a57ba, aa57b, baa57] [160183, 225919, 297931, 308527, 337903]
13 [11ba84, 1ba841, 411ba8, 8411ba, a8411b, ba8411] [425819, 708839, 1517927, 3087107, 3950399, 4388099]
13 [6aaa7, 76aaa, a76aa, aa76a, aaa76] [195163, 214939, 302143, 308851, 309367]
13 [3ba979, 793ba9, 93ba97, 9793ba, a9793b, ba9793] [1451641, 2864689, 3453301, 3561997, 3986929, 4390909]
13 [3755bc, 55bc37, 5bc375, 755bc3, bc3755, c3755b] [1325791, 2025511, 2197603, 2754859, 4434799, 4557499]
13 [15737c, 37c157, 5737c1, 737c15, 7c1573, c15737] [530087, 1340411, 2064323, 2702159, 2944919, 4496291]
13 [22a63c, 2a63c2, 3c22a6, 63c22a, a63c22, c22a63] [822743, 1042043, 1461479, 2340179, 3892943, 4518803]
13 [22a7ac, 2a7ac2, 7ac22a, a7ac22, ac22a7, c22a7a] [823003, 1045423, 2911399, 3936883, 4060531, 4518823]
13 [3655ac, 55ac36, 5ac365, 655ac3, ac3655, c3655a] [1297217, 2023313, 2169029, 2383397, 4063337, 4555301]
13 [12c464, 2c4641, 412c46, 46412c, 6412c4, c46412] [455537, 1095173, 1520213, 1665533, 2344697, 4583633]
13 [117859, 178591, 591178, 785911, 859117, 911785] [416659, 589759, 2115979, 2840059, 3133111, 3373687]
13 [11aa34, 1aa341, 3411aa, 411aa3, a3411a, aa3411] [423557, 679433, 1230629, 1517753, 3807593, 4005821]
13 [12712a, 12a127, 2712a1, 2a1271, 712a12, a12712] [443999, 450587, 945179, 1030823, 2633711, 3747083]
13 [1285a3, 285a31, 31285a, 5a3128, 85a312, a31285] [446969, 983789, 1148261, 2148869, 3135641, 3801257]
13 [12c7b2, 212c7b, 2c7b21, 7b212c, b212c7, c7b212] [456107, 777671, 1102583, 2917823, 4144043, 4679963]
13 [6ccac7, 76ccac, ac76cc, c76cca, cac76c, ccac76] [2598707, 2798951, 4072223, 4670819, 4768763, 4822343]
13 [3c8aa4, 43c8aa, 8aa43c, a43c8a, aa43c8, c8aa43] [1476011, 1598711, 3278651, 3835907, 4007999, 4707719]
13 [159a7b, 59a7b1, 7b159a, 9a7b15, a7b159, b159a7] [535663, 2136811, 2916391, 3644503, 3937267, 4125427]
13 [1a68ca, 68ca1a, 8ca1a6, a1a68c, a68ca1, ca1a68] [671603, 2484323, 3335351, 3764591, 3904031, 4745099]
13 [182a9b, 2a9b18, 82a9b1, 9b182a, a9b182, b182a9] [605993, 1049849, 3051101, 3659393, 3994421, 4130837]
13 [1a3b28, 281a3b, 3b281a, 81a3b2, a3b281, b281a3] [665387, 975011, 1433819, 3021527, 3823223, 4159223]
13 [244346, 346244, 434624, 443462, 462443, 624434] [866183, 1241699, 1580687, 1606763, 1661663, 2294387]
13 [2998a3, 32998a, 8a3299, 98a329, 998a32, a32998] [1020893, 1192409, 3263009, 3592637, 3617993, 3804653]
13 [1111111] [5229043]
13 [345364, 364345, 434536, 453643, 536434, 643453] [1239697, 1294597, 1580533, 1635637, 1956049, 2349337]
13 [346aa4, 4346aa, 46aa43, 6aa434, a4346a, aa4346] [1243129, 1580797, 1680253, 2536057, 3834529, 4007893]
13 [35568a, 5568a3, 568a35, 68a355, 8a3556, a35568] [1268797, 2013937, 2047141, 2478793, 3263461, 3810529]
13 [35883a, 3a3588, 5883a3, 83a358, 883a35, a35883] [1275661, 1407037, 2103169, 3078577, 3207157, 3811057]
13 [4488a7, 488a74, 74488a, 88a744, 8a7448, a74488] [1618481, 1733021, 2723549, 3222041, 3272069, 3922433]
13 [579596, 596579, 657959, 795965, 959657, 965795] [2077133, 2127641, 2387537, 2868689, 3505301, 3525293]
13 [57a858, 5857a8, 7a8585, 857a85, 85857a, a85857] [2079787, 2097259, 2903191, 3130327, 3131671, 3953827]
14 [2] [2]
14 [3] [3]
14 [5] [5]
14 [7] [7]
14 [b] [11]
14 [d] [13]
14 [13, 31] [17, 43]
14 [15, 51] [19, 71]
14 [19, 91] [23, 127]
14 [35, 53] [47, 73]
14 [3b, b3] [53, 157]
14 [59, 95] [79, 131]
14 [9b, b9] [137, 163]
14 [9d, d9] [139, 191]
14 [bd, db] [167, 193]
14 [111] [211]
14 [33d, 3d3, d33] [643, 773, 2593]
14 [1119, 1191, 1911, 9111] [2963, 3067, 4523, 24907]
14 [1355, 3551, 5135, 5513] [3407, 9283, 13963, 14717]
14 [1395, 3951, 5139, 9513] [3463, 10067, 13967, 25693]
14 [15d5, 515d, 5d51, d515] [3911, 13999, 16339, 36671]
14 [15dd, 5dd1, d15d, dd15] [3919, 16451, 35951, 38239]
14 [1bb5, 51bb, b51b, bb51] [5059, 14081, 31189, 32411]
14 [1bd5, 51bd, bd51, d51b] [5087, 14083, 32803, 36677]
14 [59dd, 9dd5, d59d, dd59] [15679, 27431, 36791, 38299]
14 [5dbb, b5db, bb5d, dbb5] [16433, 31357, 32423, 37987]
14 [9dbb, b9db, bb9d, dbb9] [27409, 32141, 32479, 37991]
14 [11bbd5, 1bbd51, 511bbd, bbd511, bd511b, d511bb] [608767, 993203, 2732603, 6375307, 6429413, 7186897]
14 [11bd93, 1bd931, 311bd9, 9311bd, bd9311, d9311b] [609101, 997879, 1656979, 4958771, 6440771, 7345909]
14 [151519, 151915, 191515, 515191, 519151, 915151] [733651, 734431, 887311, 2741579, 2752499, 4892819]
14 [15db99, 5db991, 915db9, 9915db, b9915d, db9915] [767867, 3220603, 4895263, 5190077, 6286783, 7440767]
14 [1111111] [8108731]
15 [2] [2]
15 [3] [3]
15 [5] [5]
15 [7] [7]
15 [b] [11]
15 [d] [13]
15 [12, 21] [17, 31]
15 [14, 41] [19, 61]
15 [1e, e1] [29, 211]
15 [27, 72] [37, 107]
15 [2b, b2] [41, 167]
15 [2d, d2] [43, 197]
15 [47, 74] [67, 109]
15 [4d, d4] [73, 199]
15 [78, 87] [113, 127]
15 [8b, b8] [131, 173]
15 [111] [241]
15 [12e, 2e1, e12] [269, 661, 3167]
15 [1dd, d1d, dd1] [433, 2953, 3121]
15 [227, 272, 722] [487, 557, 1607]
15 [27e, 7e2, e27] [569, 1787, 3187]
15 [287, 728, 872] [577, 1613, 1907]
15 [2ed, d2e, ed2] [673, 2969, 3347]
15 [44b, 4b4, b44] [971, 1069, 2539]
15 [478, 784, 847] [1013, 1699, 1867]
15 [47e, 7e4, e47] [1019, 1789, 3217]
15 [4d8, 84d, d84] [1103, 1873, 3049]
15 [77d, 7d7, d77] [1693, 1777, 3037]
15 [7bd, bd7, d7b] [1753, 2677, 3041]
15 [bee, ebe, eeb] [2699, 3329, 3371]
15 [114b, 14b1, 4b11, b114] [3671, 4441, 15991, 37369]
15 [1187, 1871, 7118, 8711] [3727, 5281, 23873, 28591]
15 [11b2, 1b21, 211b, b211] [3767, 5881, 7001, 37591]
15 [11d8, 1d81, 811d, d811] [3803, 6421, 27253, 45691]
15 [11eb, 1eb1, b11e, eb11] [3821, 6691, 37379, 49741]
15 [1417, 1714, 4171, 7141] [4297, 4969, 13831, 23911]
15 [1444, 4144, 4414, 4441] [4339, 13789, 14419, 14461]
15 [148e, 48e1, 8e14, e148] [4409, 15511, 30169, 47543]
15 [17b4, 417b, 7b41, b417] [5119, 13841, 26161, 38047]
15 [18b7, 718b, 8b71, b718] [5347, 23981, 29581, 38723]
15 [1db4, 41db, b41d, db41] [6469, 13931, 38053, 46411]
15 [1db8, 81db, b81d, db81] [6473, 27431, 38953, 46471]
15 [2b7b, 7b2b, b2b7, b7b2] [9341, 26141, 37747, 38867]
15 [48b8, 848b, 8b84, b848] [15473, 28031, 29599, 38993]
15 [7dde, dde7, de7d, e7dd] [26759, 47017, 47143, 49033]
15 [11b84, 1b841, 411b8, 8411b, b8411] [56599, 89611, 206273, 418751, 584791]
15 [12824, 24128, 28241, 41282, 82412] [59209, 115013, 128761, 206447, 412667]
15 [148bd, 48bd1, 8bd14, bd148, d148b] [66103, 232171, 445069, 601043, 662531]
15 [14e8e, 4e8e1, 8e14e, e14e8, e8e14] [67409, 251761, 452549, 713243, 738919]
15 [17b1d, 1d17b, 7b1d1, b1d17, d17b1] [76753, 94841, 391921, 563197, 663241]
15 [17eb4, 417eb, 7eb41, b417e, eb417] [77569, 207671, 404161, 570719, 746797]
15 [18488, 48818, 81848, 84881, 88184] [78653, 231323, 410243, 420421, 432349]
15 [1dd24, 241dd, 41dd2, d241d, dd241] [97459, 115183, 208997, 665803, 702511]
15 [24487, 44872, 48724, 72448, 87244] [115777, 217907, 231109, 362093, 429139]
15 [24e27, 2724e, 4e272, 724e2, e2724] [117937, 125399, 250307, 362237, 717109]
15 [2db87, 72db8, 872db, b872d, db872] [147727, 364223, 429281, 585493, 697157]
15 [44d7b, 4d7b4, 7b44d, b44d7, d7b44] [219041, 248119, 392473, 571477, 684289]
15 [4b4d7, 4d74b, 74b4d, b4d74, d74b4] [240727, 248021, 370423, 573409, 682819]
15 [1821b8, 1b8182, 21b818, 81821b, 821b81, b81821] [1171523, 1343597, 1608323, 6153101, 6182221, 8763331]
15 [7777d, 777d7, 77d77, 7d777, d7777] [379693, 379777, 381037, 399937, 683437]
15 [77b7b, 7b77b, 7b7b7, b77b7, b7b77] [380591, 393191, 393247, 582247, 583087]
15 [7887b, 7b788, 87b78, 887b7, b7887] [383291, 393203, 431213, 433747, 582427]
15 [7db8e, 8e7db, b8e7d, db8e7, e7db8] [400859, 454031, 587143, 697267, 735473]
15 [7dde8, 87dde, dde87, de87d, e87dd] [401393, 431759, 705277, 707293, 737533]
15 [88d8e, 8d8e8, 8e88d, d8e88, e88d8] [435059, 450893, 454183, 688403, 737753]
15 [4d78be, 78be4d, 8be4d7, be4d78, d78be4, e4d78b] [3721229, 5760973, 6680227, 9078413, 10255939, 10879331]
15 [111d47, 11d471, 1d4711, 47111d, 7111d4, d47111] [816367, 854881, 1432591, 3395503, 5370049, 10098241]
15 [118d22, 18d221, 2118d2, 22118d, 8d2211, d22118] [839957, 1208731, 1574747, 1623733, 6740341, 9980123]
15 [11e144, 14411e, 1e1441, 411e14, 4411e1, e14411] [857539, 975629, 1472461, 3094669, 3243811, 10696291]
15 [22e77d, 2e77d2, 77d22e, 7d22e7, d22e77, e77d22] [1668943, 2252897, 5714369, 5981167, 9983137, 11012207]
15 [228d24, 24228d, 28d242, 4228d2, 8d2422, d24228] [1649959, 1728583, 1968137, 3147497, 6740807, 9987113]
16 [2] [2]
16 [3] [3]
16 [5] [5]
16 [7] [7]
16 [b] [11]
16 [d] [13]
16 [11] [17]
16 [17, 71] [23, 113]
16 [1f, f1] [31, 241]
16 [35, 53] [53, 83]
16 [3b, b3] [59, 179]
16 [3d, d3] [61, 211]
16 [59, 95] [89, 149]
16 [bf, fb] [191, 251]
16 [115, 151, 511] [277, 337, 1297]
16 [11b, 1b1, b11] [283, 433, 2833]
16 [137, 371, 713] [311, 881, 1811]
16 [13d, 3d1, d13] [317, 977, 3347]
16 [175, 517, 751] [373, 1303, 1873]
16 [1fd, d1f, fd1] [509, 3359, 4049]
16 [359, 593, 935] [857, 1427, 2357]
16 [377, 737, 773] [887, 1847, 1907]
16 [3fb, b3f, fb3] [1019, 2879, 4019]
16 [3fd, d3f, fd3] [1021, 3391, 4051]
16 [55d, 5d5, d55] [1373, 1493, 3413]
16 [59f, 9f5, f59] [1439, 2549, 3929]
16 [5bf, bf5, f5b] [1471, 3061, 3931]
16 [7bb, b7b, bb7] [1979, 2939, 2999]
16 [bdd, dbd, ddb] [3037, 3517, 3547]
16 [179b, 79b1, 9b17, b179] [6043, 31153, 39703, 45433]
16 [1993, 3199, 9319, 9931] [6547, 12697, 37657, 39217]
16 [1d53, 31d5, 531d, d531] [7507, 12757, 21277, 54577]
16 [1d7d, 7d1d, d1d7, d7d1] [7549, 32029, 53719, 55249]
16 [1db3, 31db, b31d, db31] [7603, 12763, 45853, 56113]
16 [1f75, 51f7, 751f, f751] [8053, 20983, 29983, 63313]
16 [373f, 3f37, 73f3, f373] [14143, 16183, 29683, 62323]
16 [3979, 7939, 9397, 9793] [14713, 31033, 37783, 38803]
16 [397d, 7d39, 97d3, d397] [14717, 32057, 38867, 54167]
16 [3995, 5399, 9539, 9953] [14741, 21401, 38201, 39251]
16 [55fd, 5fd5, d55f, fd55] [22013, 24533, 54623, 64853]
16 [11173, 11731, 17311, 31117, 73111] [70003, 71473, 94993, 200983, 471313]
16 [11339, 13391, 33911, 39113, 91133] [70457, 78737, 211217, 233747, 594227]
16 [11bd5, 1bd51, 511bd, bd511, d511b] [72661, 114001, 332221, 775441, 872731]
16 [11d77, 1d771, 711d7, 7711d, d7711] [73079, 120689, 463319, 487709, 882449]
16 [13d33, 313d3, 3313d, 3d331, d3313] [81203, 201683, 209213, 250673, 865043]
16 [1593b, 3b159, 593b1, 93b15, b1593] [88379, 242009, 365489, 604949, 726419]
16 [19777, 71977, 77197, 77719, 97771] [104311, 465271, 487831, 489241, 620401]
16 [1b7bd, 7bd1b, b7bd1, bd1b7, d1b7b] [112573, 507163, 752593, 774583, 859003]
16 [1bd5d, 5d1bd, bd5d1, d1bd5, d5d1b] [114013, 381373, 775633, 859093, 875803]
16 [1d5b7, 5b71d, 71d5b, b71d5, d5b71] [120247, 374557, 466267, 750037, 875377]
16 [1f73f, 3f1f7, 73f1f, f1f73, f73f1] [128831, 258551, 474911, 991091, 1012721]
16 [1f93d, 3d1f9, 93d1f, d1f93, f93d1] [129341, 250361, 605471, 860051, 1020881]
16 [1f99f, 99f1f, 9f1f9, f1f99, f99f1] [129439, 630559, 651769, 991129, 1022449]
16 [355b5, 5355b, 55b53, 5b535, b5355] [218549, 341339, 351059, 374069, 742229]
16 [3799f, 799f3, 99f37, 9f379, f3799] [227743, 498163, 630583, 652153, 997273]
16 [395ff, 5ff39, 95ff3, f395f, ff395] [235007, 393017, 614387, 997727, 1045397]
16 [5b79b, 79b5b, 9b5b7, b5b79, b79b5] [374683, 498523, 636343, 744313, 752053]
16 [5f79b, 79b5f, 9b5f7, b5f79, f79b5] [391067, 498527, 636407, 745337, 1014197]
16 [799df, 99df7, 9df79, df799, f799d] [498143, 630263, 647033, 915353, 1014173]
16 [115f19, 15f191, 19115f, 5f1911, 9115f1, f19115] [1138457, 1438097, 1642847, 6232337, 9508337, 15831317]
16 [11bb19, 1911bb, 1bb191, 911bb1, b1911b, bb1911] [1162009, 1642939, 1814929, 9509809, 11637019, 12261649]
16 [11f1fd, 1f1fd1, 1fd11f, d11f1f, f1fd11, fd11f1] [1176061, 2039761, 2085151, 13704991, 15858961, 16585201]
16 [1579d9, 579d91, 79d915, 91579d, 9d9157, d91579] [1407449, 5741969, 7985429, 9525149, 10326359, 14226809]
16 [11d173, 17311d, 1d1731, 311d17, 7311d1, d17311] [1167731, 1519901, 1906481, 3218711, 7541201, 13726481]
16 [1b53f9, 3f91b5, 53f91b, 91b53f, b53f91, f91b53] [1790969, 4166069, 5503259, 9549119, 11878289, 16325459]
16 [1bf51d, 1d1bf5, 51d1bf, bf51d1, d1bf51, f51d1b] [1832221, 1907701, 5362111, 12538321, 13746001, 16063771]
16 [1d9d9d, 9d1d9d, 9d9d1d, d1d9d9, d9d1d9, d9d9d1] [1940893, 10296733, 10329373, 13752793, 14275033, 14277073]
16 [1f7fbd, 7fbd1f, bd1f7f, d1f7fb, f7fbd1, fbd1f7] [2064317, 8371487, 12394367, 13760507, 16251857, 16503287]
16 [1991fb, 1fb199, 91fb19, 991fb1, b1991f, fb1991] [1675771, 2077081, 9567001, 10035121, 11639071, 16456081]
16 [1b533f, 33f1b5, 3f1b53, 533f1b, b533f1, f1b533] [1790783, 3404213, 4135763, 5455643, 11875313, 15840563]
16 [35557d, 5557d3, 557d35, 57d355, 7d3555, d35557] [3495293, 5593043, 5602613, 5755733, 8205653, 13849943]
16 [55dbb7, 5dbb75, 755dbb, b755db, bb755d, dbb755] [5626807, 6142837, 7691707, 12015067, 12285277, 14399317]
16 [15f197, 19715f, 5f1971, 715f19, 9715f1, f19715] [1438103, 1667423, 6232433, 7429913, 9901553, 15832853]
16 [5779db, 779db5, 79db57, 9db577, b5779d, db5779] [5732827, 7839157, 7986007, 10335607, 11892637, 14374777]
16 [33d79b, 3d79b3, 79b33d, 9b33d7, b33d79, d79b33] [3397531, 4028851, 7975741, 10171351, 11746681, 14129971]
16 [17bf73, 317bf7, 7317bf, 7bf731, bf7317, f7317b] [1556339, 3242999, 7542719, 8124209, 12546839, 16200059]
16 [37757f, 57f377, 757f37, 7757f3, 7f3775, f37757] [3634559, 5763959, 7700279, 7821299, 8337269, 15955799]
16 [5bf97f, 7f5bf9, 97f5bf, bf97f5, f5bf97, f97f5b] [6027647, 8346617, 9958847, 12556277, 16105367, 16351067]
16 [3759bb, 59bb37, 759bb3, 9bb375, b3759b, bb3759] [3627451, 5880631, 7707571, 10204021, 11761051, 12269401]
16 [59bbbf, 9bbbf5, bbbf59, bbf59b, bf59bb, f59bbb] [5880767, 10206197, 12304217, 12318107, 12540347, 16096187]
16 [37db3f, 3f37db, 7db3f3, b3f37d, db3f37, f37db3] [3660607, 4143067, 8238067, 11793277, 14368567, 15957427]
16 [1bf7df, 7df1bf, bf7df1, df1bf7, f1bf7d, f7df1b] [1832927, 8253887, 12549617, 14621687, 15843197, 16244507]
